KONWERSJA
0.952727
PUNKTY
1 7 4 pole
2 15 4 browar 21.3819
3 15 2 brak
4 15 0 browar 27.4384
5 15 -2 brak
6 15 -4 brak
7 19 1 browar 22.4214
8 19 -1 brak
9 23 1 karczma
10 23 -1 karczma
DROGI
1 2 21 33.4282
1 3 13 0
1 4 6 0
1 5 20 59.0347
1 6 17 0
2 9 16 0
2 7 18 63.9908
3 7 20 0
4 7 13 0
4 8 5 0
5 10 9 0
5 8 7 0
6 10 15 0
6 8 20 39.1748
7 10 7 49.1334
8 10 10 0
CWIARTKI
6179 3 1 6 1 11 7 11 8 10 11 9 11 8 11 2 9
4955 -4 1 -1 1 -1 4 -1 5 -3 8 -8 9 -10 9 -11 5 -11 2
4538 -7 -11 -4 -11 -2 -7 -1 -5 -3 -4 -7 -2 -10 -1 -11 -1 -11 -3 -11 -5 -11 -6 -11 -9
1321 6 -11 11 -9 10 -5 5 -2 1 -2 1 -5 2 -8