KONWERSJA
0.344615
PUNKTY
1 86 62 pole
2 -42 74 pole
3 -27 -56 pole
4 46 -29 pole
5 59 46 pole
6 -46 19 pole
7 130 23 brak
8 130 8 browar
9 130 -7 browar
10 130 -22 browar
11 130 -37 brak
12 160 30 brak
13 160 15 brak
14 160 0 brak
15 160 -15 brak
16 190 45 brak
17 190 30 brak
18 190 15 browar
19 190 0 brak
20 190 -15 brak
21 190 -30 brak
22 220 8 brak
23 220 -7 browar
24 220 -22 browar
25 250 30 brak
26 250 15 browar
27 250 0 browar
28 250 -15 brak
29 280 8 browar
30 280 -7 brak
31 280 -22 brak
32 310 38 brak
33 310 23 brak
34 310 8 brak
35 310 -7 browar
36 310 -22 brak
37 310 -37 brak
38 310 -52 browar
39 340 8 browar
40 340 -7 brak
41 340 -22 brak
42 370 38 karczma
43 370 23 karczma
44 370 8 karczma
45 370 -7 karczma
46 370 -22 karczma
47 370 -37 karczma
48 370 -52 karczma
DROGI
0 1 99 23.0771
0 2 99 79.9725
0 3 99 67.9119
0 4 99 62.1485
0 5 99 66.9443
0 6 99 7.76318
1 9 13 8.98511
1 11 21 64.1218
2 37 14 38.8609
3 8 21 28.3757
3 9 6 23.3406
4 7 16 99.1096
4 10 6 25.6731
5 19 9 64.4315
6 7 11 59.6423
6 10 15 77.7199
7 25 10 46.547
7 13 9 4.68615
8 14 9 85.0093
8 15 20 12.9073
9 15 11 57.0205
10 15 18 37.4858
11 12 15 12.1292
12 36 9 31.9928
12 16 21 42.1781
13 17 11 87.35
13 20 18 46.4963
14 18 10 13.8083
14 21 19 75.9522
15 18 13 30.6779
16 22 7 6.77499
17 46 11 81.9662
18 24 12 5.54878
19 39 10 12.581
19 23 17 56.2879
20 47 15 99.2536
20 24 13 7.99808
21 22 7 73.8397
21 23 9 97.6296
22 25 9 85.1523
22 28 7 59.8305
23 32 12 83.9855
23 25 20 16.404
24 26 21 39.4828
24 27 5 56.8775
25 45 6 90.5082
25 29 11 30.0887
26 31 11 84.1745
26 30 13 38.1968
27 31 7 13.1875
28 44 7 74.0224
29 39 18 42.1595
29 34 10 65.1242
29 38 21 23.5505
30 47 10 94.5187
30 33 14 42.3926
31 48 11 42.4482
31 35 20 51.4534
32 40 15 60.1042
33 39 11 50.9958
34 39 8 12.7117
35 41 16 96.7888
36 48 12 22.8817
37 40 8 69.5276
37 41 13 40.637
38 39 17 37.3174
38 40 11 43.0186
39 42 9 31.3779
39 43 14 6.67754
40 45 16 14.6254
40 48 17 83.3603
41 48 16 86.2871
42 49 99 66.6926
43 49 99 10.2061
44 49 99 91.1682
45 49 99 50.9909
46 49 99 15.749
47 49 99 55.6675
48 49 99 14.9832
CWIARTKI
2833 34 7 89 41 91 99 38 99 26 85 2 52 10 15
9722 -45 3 -35 3 -18 40 -20 66 -46 88 -80 90 -88 67 -74 27
1618 -82 -76 -25 -75 -4 -59 -4 -56 -28 -43 -73 -26
408 39 -98 100 -95 96 -5 62 -5 14 -36 11 -66