KONWERSJA
0.639851
PUNKTY
0 0 0 brak
1 5 6 pole 30
2 7 8 pole 30
3 15 4 karczma
4 15 2 brak
5 15 0 brak
6 15 -2 brak
7 1 2 browar 30
8 0 1 karczma
9 2 4 karczma
10 1 2 browar 30
11 15 2 brak
12 15 0 brak
13 15 -2 brak
14 31 0 brak
DROGI
0 1 7 0
0 2 6 0
1 5 4 5
1 7 5 4
2 6 3 1
2 7 2 1
2 8 6 3
3 5 5 3
3 9 2 1
4 8 4 2
4 9 3 2
5 6 3 1
5 10 5 1
6 4 5 1
6 10 2 3
7 11 4 3
7 12 4 1
8 12 7 2
8 14 15 0
7 3 10 4
3 14 15 0
9 14 15 0
9 11 3 4
9 12 2 1
9 13 3 2
9 14 2 0
11 10 4 1
12 13 8 2
CWIARTKI
5205 10 1 9 11 4 10 2 9 1 8 1 5 2 3
2809 -10 1 -6 1 -2 1 -1 11 -10 10 -11 5
5315 -2 -11 -1 -8 -2 -3 -3 -2 -7 -1 -11 -6 -6 -9
7881 8 -11 11 -6 10 -5 7 -2 6 -2 2 -2 1 -9