KONWERSJA
1
PUNKTY
1 7 5 pole
2 -11 12 pole
3 -5 -8 pole
4 2 -11 pole
5 6 13 pole
6 -11 4 pole
7 -2 -9 pole
8 10 -4 pole
9 3 6 pole
10 -9 11 pole
11 -9 -5 pole
12 6 -12 pole
13 3 10 pole
14 -5 11 pole
15 -5 -9 pole
16 10 -10 pole
17 9 9 pole
18 -5 6 pole
19 -5 -13 pole
20 7 -4 pole
21 18 9 browar 7.52
22 18 7 brak
23 18 5 brak
24 18 3 brak
25 18 1 brak
26 18 -1 brak
27 18 -3 brak
28 18 -5 browar 7.78
29 18 -7 brak
30 18 -9 brak
31 22 14 brak
32 22 12 brak
33 22 10 brak
34 22 8 browar 10.12
35 22 6 brak
36 22 4 brak
37 22 2 browar 14.32
38 22 0 brak
39 22 -2 brak
40 22 -4 brak
41 22 -6 brak
42 22 -8 brak
43 22 -10 brak
44 22 -12 brak
45 22 -14 browar 12.91
46 26 9 browar 11.35
47 26 7 browar 7.54
48 26 5 brak
49 26 3 browar 7.00
50 26 1 brak
51 26 -1 brak
52 26 -3 brak
53 26 -5 brak
54 26 -7 brak
55 26 -9 brak
56 30 14 brak
57 30 12 browar 6.98
58 30 10 browar 12.26
59 30 8 brak
60 30 6 brak
61 30 4 brak
62 30 2 browar 12.64
63 30 0 brak
64 30 -2 brak
65 30 -4 browar 13.04
66 30 -6 brak
67 30 -8 brak
68 30 -10 brak
69 30 -12 brak
70 30 -14 brak
71 34 12 brak
72 34 10 brak
73 34 8 brak
74 34 6 brak
75 34 4 brak
76 34 2 browar 11.55
77 34 0 browar 7.19
78 34 -2 brak
79 34 -4 brak
80 34 -6 brak
81 34 -8 browar 10.31
82 34 -10 browar 10.02
83 34 -12 brak
84 38 5 browar 8.63
85 38 3 brak
86 38 1 browar 14.89
87 38 -1 brak
88 38 -3 browar 5.28
89 38 -5 browar 14.35
90 42 9 brak
91 42 7 brak
92 42 5 brak
93 42 3 brak
94 42 1 brak
95 42 -1 brak
96 42 -3 brak
97 42 -5 browar 10.12
98 42 -7 browar 5.41
99 42 -9 browar 7.14
100 46 17 brak
101 46 15 browar 13.35
102 46 13 brak
103 46 11 brak
104 46 9 browar 5.13
105 46 7 brak
106 46 5 browar 7.91
107 46 3 browar 11.94
108 46 1 brak
109 46 -1 brak
110 46 -3 brak
111 46 -5 brak
112 46 -7 browar 8.87
113 46 -9 brak
114 46 -11 brak
115 46 -13 brak
116 46 -15 brak
117 46 -17 brak
118 50 5 browar 5.92
119 50 3 brak
120 50 1 brak
121 50 -1 brak
122 50 -3 browar 6.19
123 50 -5 browar 7.50
124 54 4 brak
125 54 2 brak
126 54 0 browar 6.59
127 54 -2 browar 11.49
128 54 -4 browar 7.73
129 58 5 brak
130 58 3 brak
131 58 1 brak
132 58 -1 brak
133 58 -3 brak
134 58 -5 browar 14.20
135 62 8 brak
136 62 6 brak
137 62 4 browar 5.93
138 62 2 browar 11.71
139 62 0 browar 12.46
140 62 -2 brak
141 62 -4 brak
142 62 -6 brak
143 62 -8 brak
144 66 7 browar 9.56
145 66 5 brak
146 66 3 brak
147 66 1 brak
148 66 -1 brak
149 66 -3 browar 10.58
150 66 -5 brak
151 66 -7 brak
152 70 5 brak
153 70 3 browar 8.20
154 70 1 browar 8.08
155 70 -1 browar 12.35
156 70 -3 brak
157 70 -5 brak
158 74 11 brak
159 74 9 brak
160 74 7 browar 11.68
161 74 5 browar 6.75
162 74 3 brak
163 74 1 browar 14.03
164 74 -1 brak
165 74 -3 brak
166 74 -5 brak
167 74 -7 browar 14.33
168 74 -9 browar 14.57
169 74 -11 brak
170 78 8 browar 10.36
171 78 6 brak
172 78 4 brak
173 78 2 brak
174 78 0 brak
175 78 -2 browar 13.11
176 78 -4 brak
177 78 -6 brak
178 78 -8 brak
179 82 19 karczma
180 82 17 karczma
181 82 15 karczma
182 82 13 karczma
183 82 11 karczma
184 82 9 karczma
185 82 7 karczma
186 82 5 karczma
187 82 3 karczma
188 82 1 karczma
189 82 -1 karczma
190 82 -3 karczma
191 82 -5 karczma
192 82 -7 karczma
193 82 -9 karczma
194 82 -11 karczma
195 82 -13 karczma
196 82 -15 karczma
197 82 -17 karczma
198 82 -19 karczma
DROGI
1 25 5 13
25 1 5 13
1 27 5 64
27 1 5 64
2 22 2 62
22 2 2 62
2 23 4 0
23 2 4 0
3 167 2 0
167 3 2 0
3 24 5 0
24 3 5 0
4 25 3 0
25 4 3 0
4 26 2 27
26 4 2 27
5 36 4 0
36 5 4 0
5 27 5 0
27 5 5 0
6 180 5 0
180 6 5 0
6 195 2 0
195 6 2 0
7 192 3 0
192 7 3 0
8 29 2 0
29 8 2 0
9 169 3 0
169 9 3 0
9 182 1 67
182 9 1 67
10 34 4 0
34 10 4 0
10 106 1 49
106 10 1 49
11 130 5 7
130 11 5 7
12 29 4 0
29 12 4 0
13 21 2 0
21 13 2 0
13 25 1 66
25 13 1 66
14 90 1 63
90 14 1 63
15 68 4 5
68 15 4 5
15 172 1 0
172 15 1 0
16 29 5 34
29 16 5 34
17 30 3 0
30 17 3 0
18 21 2 0
21 18 2 0
18 28 2 3
28 18 2 3
19 60 1 0
60 19 1 0
20 54 3 0
54 20 3 0
20 167 2 31
167 20 2 31
21 81 2 0
81 21 2 0
21 141 3 0
141 21 3 0
21 40 2 0
40 21 2 0
22 63 1 0
63 22 1 0
22 45 5 0
45 22 5 0
22 41 4 0
41 22 4 0
23 77 3 0
77 23 3 0
23 177 5 0
177 23 5 0
23 42 2 50
42 23 2 50
24 31 2 34
31 24 2 34
24 32 1 46
32 24 1 46
24 43 5 8
43 24 5 8
25 180 5 0
180 25 5 0
25 33 2 0
33 25 2 0
25 44 2 0
44 25 2 0
26 130 1 0
130 26 1 0
26 35 1 57
35 26 1 57
27 165 1 63
165 27 1 63
27 177 5 0
177 27 5 0
28 184 1 5
184 28 1 5
28 31 4 0
31 28 4 0
29 31 4 0
31 29 4 0
29 37 3 33
37 29 3 33
30 39 5 0
39 30 5 0
30 38 1 33
38 30 1 33
31 73 3 0
73 31 3 0
31 46 3 0
46 31 3 0
32 115 4 69
115 32 4 69
32 47 1 0
47 32 1 0
33 151 1 0
151 33 1 0
33 49 2 0
49 33 2 0
34 129 3 0
129 34 3 0
34 50 4 0
50 34 4 0
35 51 3 0
51 35 3 0
35 52 3 33
52 35 3 33
36 77 1 0
77 36 1 0
36 84 4 0
84 36 4 0
37 81 1 0
81 37 1 0
37 55 5 0
55 37 5 0
38 122 4 0
122 38 4 0
38 136 4 0
136 38 4 0
39 119 4 0
119 39 4 0
39 179 2 69
179 39 2 69
40 165 2 0
165 40 2 0
40 53 2 0
53 40 2 0
41 50 5 0
50 41 5 0
42 116 1 0
116 42 1 0
42 179 4 0
179 42 4 0
43 97 1 0
97 43 1 0
43 48 3 0
48 43 3 0
44 81 3 0
81 44 3 0
44 175 2 0
175 44 2 0
45 106 3 0
106 45 3 0
45 111 4 0
111 45 4 0
46 61 4 0
61 46 4 0
46 56 5 0
56 46 5 0
46 64 2 0
64 46 2 0
47 58 2 0
58 47 2 0
47 57 3 0
57 47 3 0
47 65 2 0
65 47 2 0
48 79 4 0
79 48 4 0
48 59 2 0
59 48 2 0
48 66 4 0
66 48 4 0
49 77 5 0
77 49 5 0
49 156 2 28
156 49 2 28
49 67 2 0
67 49 2 0
50 113 2 0
113 50 2 0
50 60 1 0
60 50 1 0
50 70 4 0
70 50 4 0
51 142 5 0
142 51 5 0
51 182 4 0
182 51 4 0
52 171 2 0
171 52 2 0
52 69 5 51
69 52 5 51
53 63 3 0
63 53 3 0
53 69 2 0
69 53 2 0
54 158 1 30
158 54 1 30
54 174 5 0
174 54 5 0
55 198 3 0
198 55 3 0
55 62 2 0
62 55 2 0
56 73 2 0
73 56 2 0
56 71 2 59
71 56 2 59
57 86 2 0
86 57 2 0
57 177 1 0
177 57 1 0
58 137 1 0
137 58 1 0
58 155 3 0
155 58 3 0
59 72 2 61
72 59 2 61
59 83 5 0
83 59 5 0
60 176 3 0
176 60 3 0
60 75 5 0
75 60 5 0
61 187 1 0
187 61 1 0
61 82 1 0
82 61 1 0
62 78 4 0
78 62 4 0
63 102 5 0
102 63 5 0
63 123 2 0
123 63 2 0
64 196 1 0
196 64 1 0
65 72 1 46
72 65 1 46
65 76 1 0
76 65 1 0
66 74 2 0
74 66 2 0
66 78 4 0
78 66 4 0
67 80 3 46
80 67 3 46
68 85 5 17
85 68 5 17
68 109 2 0
109 68 2 0
69 163 1 0
163 69 1 0
70 117 5 0
117 70 5 0
71 94 1 0
94 71 1 0
71 122 5 0
122 71 5 0
72 184 5 0
184 72 5 0
73 84 1 0
84 73 1 0
74 84 5 0
84 74 5 0
75 130 1 0
130 75 1 0
75 85 3 0
85 75 3 0
76 86 5 0
86 76 5 0
76 88 1 0
88 76 1 0
77 86 3 0
86 77 3 0
77 89 1 0
89 77 1 0
78 85 1 38
85 78 1 38
78 87 5 0
87 78 5 0
79 141 1 0
141 79 1 0
80 86 3 0
86 80 3 0
80 89 2 0
89 80 2 0
81 84 4 0
84 81 4 0
81 87 5 0
87 81 5 0
82 146 2 60
146 82 2 60
82 88 3 0
88 82 3 0
83 101 2 0
101 83 2 0
83 170 5 64
170 83 5 64
84 95 1 65
95 84 1 65
84 91 1 0
91 84 1 0
85 96 1 0
96 85 1 0
85 93 2 0
93 85 2 0
86 92 3 0
92 86 3 0
86 98 1 0
98 86 1 0
87 153 1 0
153 87 1 0
87 99 4 8
99 87 4 8
88 129 2 0
129 88 2 0
88 144 3 0
144 88 3 0
89 141 4 0
141 89 4 0
90 130 2 0
130 90 2 0
90 137 5 0
137 90 5 0
90 107 1 0
107 90 1 0
91 138 2 0
138 91 2 0
91 196 2 0
196 91 2 0
91 108 5 21
108 91 5 21
92 100 4 0
100 92 4 0
92 102 2 68
102 92 2 68
92 112 1 52
112 92 1 52
93 119 1 0
119 93 1 0
93 103 4 0
103 93 4 0
94 197 1 0
197 94 1 0
94 104 3 0
104 94 3 0
95 183 1 0
183 95 1 0
95 187 2 0
187 95 2 0
96 158 2 40
158 96 2 40
96 168 5 0
168 96 5 0
97 113 4 0
113 97 4 0
97 114 2 59
114 97 2 59
98 111 5 18
111 98 5 18
98 117 5 0
117 98 5 0
99 110 1 0
110 99 1 0
99 105 5 0
105 99 5 0
100 124 4 0
124 100 4 0
100 163 4 0
163 100 4 0
101 124 5 0
124 101 5 0
101 121 1 0
121 101 1 0
102 126 4 0
126 102 4 0
102 148 3 0
148 102 3 0
103 153 3 0
153 103 3 0
103 181 3 0
181 103 3 0
104 119 2 43
119 104 2 43
104 123 5 48
123 104 5 48
105 118 2 59
118 105 2 59
106 139 5 0
139 106 5 0
106 175 5 0
175 106 5 0
107 119 4 0
119 107 4 0
108 136 1 44
136 108 1 44
108 181 2 0
181 108 2 0
109 119 5 62
119 109 5 62
110 122 1 0
122 110 1 0
111 183 3 68
183 111 3 68
112 120 4 0
120 112 4 0
113 162 2 0
162 113 2 0
114 135 1 0
135 114 1 0
115 118 1 0
118 115 1 0
116 119 2 43
119 116 2 43
116 120 5 0
120 116 5 0
117 125 5 0
125 117 5 0
117 161 1 0
161 117 1 0
118 125 1 1
125 118 1 1
119 166 4 0
166 119 4 0
120 143 2 0
143 120 2 0
120 174 4 0
174 120 4 0
121 124 1 0
124 121 1 0
121 127 2 0
127 121 2 0
122 154 5 0
154 122 5 0
122 128 3 63
128 122 3 63
123 127 3 0
127 123 3 0
124 162 2 0
162 124 2 0
124 188 3 0
188 124 3 0
125 197 4 62
197 125 4 62
125 131 5 0
131 125 5 0
126 195 4 35
195 126 4 35
126 132 4 0
132 126 4 0
127 129 1 0
129 127 1 0
127 134 4 0
134 127 4 0
128 178 4 0
178 128 4 0
128 133 4 0
133 128 4 0
129 141 5 0
141 129 5 0
129 140 5 0
140 129 5 0
130 139 3 0
139 130 3 0
131 135 2 52
135 131 2 52
131 141 4 0
141 131 4 0
132 137 4 0
137 132 4 0
133 151 5 0
151 133 5 0
133 165 4 0
165 133 4 0
134 170 2 0
170 134 2 0
134 135 5 0
135 134 5 0
135 146 4 0
146 135 4 0
135 147 4 0
147 135 4 0
136 145 1 54
145 136 1 54
136 150 5 0
150 136 5 0
137 174 3 0
174 137 3 0
137 183 2 60
183 137 2 60
138 173 2 0
173 138 2 0
138 174 1 0
174 138 1 0
139 151 2 0
151 139 2 0
140 145 5 0
145 140 5 0
141 159 4 0
159 141 4 0
142 147 5 0
147 142 5 0
143 149 3 63
149 143 3 63
144 172 1 0
172 144 1 0
144 193 4 0
193 144 4 0
144 157 1 0
157 144 1 0
145 177 3 0
177 145 3 0
145 156 4 0
156 145 4 0
146 159 5 42
159 146 5 42
146 195 4 0
195 146 4 0
147 160 4 0
160 147 4 0
147 181 1 0
181 147 1 0
148 172 2 0
172 148 2 0
148 189 1 0
189 148 1 0
149 192 4 0
192 149 4 0
149 152 3 0
152 149 3 0
150 153 1 0
153 150 1 0
150 154 5 15
154 150 5 15
151 154 5 0
154 151 5 0
151 155 1 0
155 151 1 0
152 188 3 19
188 152 3 19
152 164 5 0
164 152 5 0
153 161 3 0
161 153 3 0
153 169 5 0
169 153 5 0
154 158 2 0
158 154 2 0
154 160 5 0
160 154 5 0
155 173 5 0
173 155 5 0
155 195 4 0
195 155 4 0
156 178 3 29
178 156 3 29
156 192 4 62
192 156 4 62
157 198 2 0
198 157 2 0
158 186 5 0
186 158 5 0
158 192 3 0
192 158 3 0
159 196 3 0
196 159 3 0
160 180 5 0
180 160 5 0
160 196 2 25
196 160 2 25
161 176 2 0
176 161 2 0
162 173 3 0
173 162 3 0
162 178 4 0
178 162 4 0
163 174 1 0
174 163 1 0
164 187 4 0
187 164 4 0
164 191 3 23
191 164 3 23
165 179 1 0
179 165 1 0
166 184 5 49
184 166 5 49
167 175 2 0
175 167 2 0
167 178 2 0
178 167 2 0
168 175 2 10
175 168 2 10
169 172 1 0
172 169 1 0
170 190 4 0
190 170 4 0
170 194 1 0
194 170 1 0
171 193 1 0
193 171 1 0
172 198 3 0
198 172 3 0
173 181 3 17
181 173 3 17
173 192 1 0
192 173 1 0
174 198 2 3
198 174 2 3
175 195 4 38
195 175 4 38
176 185 1 0
185 176 1 0
177 184 1 0
184 177 1 0
177 198 4 14
198 177 4 14
178 183 2 66
183 178 2 66
CWIARTKI
5 11 1 12 7 11 11 6 14 4 14 1 10 2 5 3 3
8 -10 1 -3 4 -1 12 -1 13 -1 14 -7 14 -12 13 -14 12 -14 7
13 -3 -14 -1 -7 -1 -6 -1 -4 -2 -2 -6 -1 -10 -1 -12 -1 -14 -5 -12 -12
14 2 -14 5 -14 10 -14 12 -14 13 -14 13 -10 11 -2 4 -2 3 -2 1 -8 1 -12