KONWERSJA
15 30
PUNKTY
1 5 6 Field 30
2 7 8 Field 30
3 5 6 Field 30
4 7 8 Field 30
5 54 23 None 0
6 1 2 Brewery 30
7 1 2 Brewery 30
8 1 2 None 0
9 1 2 Pub 0
10 0 1 Pub 0
11 2 4 Pub 0
12 3 4 Brewery 30
13 1 2 Pub 0
DROGI
0 1 99 0
0 2 99 0
0 3 99 0
0 4 99 0
1 5 4 5
1 7 5 2
2 6 3 1
2 7 2 1
2 8 6 7
3 5 5 11
3 9 2 1
4 8 4 9
4 9 3 2
5 6 3 32
5 10 5 0
6 4 15 2
6 10 2 1
6 14 99 0
7 11 4 3
7 12 4 1
8 12 7 2
9 11 3 7
9 12 2 1
9 13 3 2
9 14 99 0 
10 14 99 0 
11 10 4 11
11 14 99 0 
12 13 8 8
13 14 99 0
CWIARTKI 