KONWERSJA
0.81634
PUNKTY
0 -17 0 brak
1 4 4 pole
2 -6 4 pole
3 -8 -4 pole
4 4 -10 pole
5 6 3 pole
6 16 10 brak
7 16 8 browar 20.5844
8 16 6 brak
9 16 4 browar 31.2936
10 16 2 browar 23.4654
11 16 0 brak
12 16 -2 brak
13 16 -4 brak
14 16 -6 brak
15 16 -8 brak
16 16 -10 brak
17 20 3 brak
18 20 1 browar 20.8145
19 20 -1 browar 28.5493
20 20 -3 brak
21 24 5 browar 27.7652
22 24 3 brak
23 24 1 brak
24 24 -1 browar 31.5587
25 24 -3 brak
26 24 -5 browar 29.1846
27 28 5 browar 27.6689
28 28 3 brak
29 28 1 brak
30 28 -1 browar 27.078
31 28 -3 brak
32 28 -5 brak
33 32 5 karczma
34 32 3 karczma
35 32 1 karczma
36 32 -1 karczma
37 32 -3 karczma
38 32 -5 karczma
39 36 0 brak
DROGI
0 1 99 56.0969
0 2 99 12.008
0 3 99 0
0 4 99 37.9273
0 5 99 0
1 6 5 0
1 11 17 0
1 10 6 0
2 30 16 0
2 8 20 0
2 13 21 0
3 21 11 0
3 16 12 0
3 14 11 24.1845
4 7 19 0
4 12 5 19.9264
4 15 6 0
5 26 16 0
5 9 8 30.0893
6 19 12 0
6 20 11 0
7 17 14 0
8 32 10 0
8 17 15 65.661
9 27 21 0
9 19 19 65.328
10 18 10 17.2495
11 24 9 8.02884
12 36 11 0
12 17 17 0
13 17 13 0
13 19 8 0
14 34 7 0
15 27 7 0
15 18 13 0
16 17 18 7.86703
17 33 12 0
17 22 20 0
18 33 19 0
18 24 21 0
19 23 12 0
19 25 16 0
20 38 5 0
20 23 18 0
21 33 16 0
21 32 16 0
22 27 14 0
22 28 15 0
23 27 16 0
24 31 9 0
25 29 6 31.3897
26 30 20 53.2601
26 32 14 60.6361
27 37 7 0
27 35 11 0
28 34 10 33.9348
29 36 17 0
30 38 15 0
31 36 12 0
32 37 10 0
33 39 99 0
34 39 99 0
35 39 99 3.4384
36 39 99 0
37 39 99 0
38 39 99 0
CWIARTKI
8456 10 1 11 3 12 5 8 10 2 12 1 6 1 2
4691 -12 1 -11 1 -1 2 -1 6 -1 10 -7 12 -9 11 -12 8
1177 -11 -12 -3 -11 -2 -8 -1 -1 -3 -1 -4 -1 -9 -1 -12 -1 -12 -7
2102 7 -12 11 -10 12 -2 6 -1 2 -4 1 -8 1 -11