KONWERSJA
0.0598163
PUNKTY
0 x y punkt_abstrakcyjny
1 x y pole
2 x y pole
3 x y pole
4 x y pole
5 x y pole
6 x y pole
7 x y browar
8 x y browar
9 x y brak
10 x y browar
11 x y browar
12 x y brak
13 x y brak
14 x y browar
15 x y browar
16 x y browar
17 x y brak
18 x y brak
19 x y brak
20 x y brak
21 x y brak
22 x y brak
23 x y brak
24 x y brak
25 x y browar
26 x y brak
27 x y browar
28 x y browar
29 x y brak
30 x y brak
31 x y karczma
32 x y karczma
33 x y karczma
34 x y karczma
35 x y karczma
36 x y karczma
37 x y karczma
38 x y karczma
39 x y punkt_abstrakcyjny
DROGI
0 1 99 84.1156
0 2 99 12.452
0 3 99 84.2622
0 4 99 65.1534
0 5 99 3.52803
0 6 99 13.6963
1 27 16 30.897
27 1 16 30.897
2 8 11 70.5564
8 2 11 70.5564
3 8 12 80.2483
8 3 12 80.2483
4 9 6 64.0336
9 4 6 64.0336
5 7 17 47.7715
7 5 17 47.7715
6 16 8 20.239
16 6 8 20.239
6 32 20 45.0951
32 6 20 45.0951
7 37 15 42.4968
37 7 15 42.4968
7 38 10 33.1582
38 7 10 33.1582
7 12 9 61.4445
12 7 9 61.4445
7 15 7 74.3586
15 7 7 74.3586
8 13 11 25.6107
13 8 11 25.6107
8 11 16 75.0063
11 8 16 75.0063
8 14 10 5.75353
14 8 10 5.75353
9 10 13 7.6165
10 9 13 7.6165
10 17 12 14.7394
17 10 12 14.7394
11 18 7 12.0701
18 11 7 12.0701
12 25 9 28.2444
25 12 9 28.2444
12 31 19 58.1758
31 12 19 58.1758
13 17 8 92.0592
17 13 8 92.0592
14 17 10 93.6632
17 14 10 93.6632
15 19 11 41.2784
19 15 11 41.2784
15 20 5 51.139
20 15 5 51.139
16 18 5 35.1563
18 16 5 35.1563
17 22 16 63.0372
22 17 16 63.0372
17 37 8 21.9098
37 17 8 21.9098
18 21 10 91.0953
21 18 10 91.0953
18 32 8 1.24934
32 18 8 1.24934
19 21 19 79.386
21 19 19 79.386
19 23 11 6.92077
23 19 11 6.92077
19 24 18 26.4376
24 19 18 26.4376
20 28 12 29.0368
28 20 12 29.0368
20 29 13 56.474
29 20 13 56.474
21 28 16 80.4821
28 21 16 80.4821
21 29 13 8.30338
29 21 13 8.30338
22 26 10 83.1703
26 22 10 83.1703
23 26 20 72.8907
26 23 20 72.8907
24 31 7 40.4378
31 24 7 40.4378
24 32 11 48.1412
32 24 11 48.1412
25 28 19 14.3516
28 25 19 14.3516
26 31 7 79.9294
31 26 7 79.9294
26 34 15 88.2157
34 26 15 88.2157
26 30 17 0.902371
30 26 17 0.902371
27 36 18 62.0556
36 27 18 62.0556
28 36 14 91.0908
36 28 14 91.0908
28 33 18 32.3623
33 28 18 32.3623
29 35 9 10.857
35 29 9 10.857
30 32 20 46.878
32 30 20 46.878
31 39 99 86.2123
39 31 99 86.2123
32 39 99 8.70312
39 32 99 8.70312
33 39 99 58.0356
39 33 99 58.0356
34 39 99 83.5078
39 34 99 83.5078
35 39 99 36.2218
39 35 99 36.2218
36 39 99 63.1275
39 36 99 63.1275
37 39 99 97.2955
39 37 99 97.2955
38 39 99 39.325
CWIARTKI
7125 43 10 90 39 72 84 50 89 18 17
4110 -70 4 -51 9 -7 44 -11 84 -48 93 -73 99 -93 83 -99 37
3147 -68 -91 -3 -90 -20 -33 -48 -26 -78 -48
8406 75 -83 99 -70 97 -61 80 -31 58 -2 3 -55
