KONWERSJA
0.479934
PUNKTY
0 -16 0 brak
1 9 5 pole
2 -4 7 pole
3 15 4 browar 23.2782
4 15 2 brak
5 15 0 brak
6 15 -2 browar 30.198
7 15 -4 brak
8 19 4 brak
9 19 2 brak
10 19 0 browar 21.5476
11 19 -2 browar 24.1102
12 19 -4 brak
13 23 2 browar 22.8433
14 23 0 brak
15 23 -2 brak
16 27 2 karczma
17 27 0 karczma
18 27 -2 karczma
19 31 0 brak
DROGI
0 1 99 0
0 2 99 0
1 4 10 0
4 1 10 0
1 6 9 0
6 1 9 0
1 3 14 0
3 1 14 0
1 7 16 25.6677
7 1 16 25.6677
2 8 5 56.1562
8 2 5 56.1562
2 4 16 64.5961
4 2 16 64.5961
2 5 12 0
5 2 12 0
3 17 10 0
17 3 10 0
3 9 15 0
9 3 15 0
4 18 16 0
18 4 16 0
4 12 9 4.59697
12 4 9 4.59697
5 11 20 67.6246
11 5 20 67.6246
6 10 14 0
10 6 14 0
7 14 17 0
14 7 17 0
8 17 14 0
17 8 14 0
9 13 16 0
13 9 16 0
9 14 15 0
14 9 15 0
10 13 18 0
13 10 18 0
10 15 14 42.5661
15 10 14 42.5661
11 13 19 37.5389
13 11 19 37.5389
12 16 13 0
16 12 13 0
13 18 9 0
18 13 9 0
14 16 16 0
16 14 16 0
15 17 9 0
17 15 9 0
16 19 99 13.388
19 16 99 13.388
17 19 99 0
19 17 99 0
18 19 99 0
CWIARTKI
2125 2 2 11 2 11 9 8 10 3 11 1 3
6698 -6 1 -4 2 -2 8 -3 11 -4 11 -6 11 -11 10 -7 2
5893 -6 -11 -2 -8 -2 -7 -2 -4 -2 -3 -5 -1 -8 -1 -11 -9 -10 -10
4389 4 -11 9 -11 11 -7 10 -4 9 -1 1 -1 3 -10