KONWERSJA
0.887753
PUNKTY
0 -130 0 punkt_abstrakcyjny
1 49 77 pole
2 -40 47 pole
3 -68 -91 pole
4 53 -56 pole
5 15 20 pole
6 -54 37 pole
7 -78 -67 pole
8 130 15 browar
9 130 0 brak
10 160 23 brak
11 160 8 brak
12 160 -7 brak
13 160 -22 browar
14 160 -37 browar
15 190 15 brak
16 190 0 browar
17 220 53 browar
18 220 38 browar
19 220 23 brak
20 220 8 brak
21 220 -7 browar
22 220 -22 brak
23 220 -37 browar
24 220 -52 brak
25 220 -67 brak
26 250 15 brak
27 250 0 brak
28 280 15 brak
29 280 0 brak
30 310 23 brak
31 310 8 brak
32 310 -7 brak
33 310 -22 brak
34 310 -37 browar
35 340 8 brak
36 340 -7 brak
37 340 -22 browar
38 370 60 brak
39 370 45 browar
40 370 30 browar
41 370 15 browar
42 370 0 brak
43 370 -15 brak
44 370 -30 brak
45 370 -45 brak
46 400 60 karczma
47 400 45 karczma
48 400 30 karczma
49 400 15 karczma
50 400 0 karczma
51 400 -15 karczma
52 400 -30 karczma
53 400 -45 karczma
54 430 0 punkt_abstrakcyjny
DROGI
0 1 99 1.14167
0 2 99 51.7698
0 3 99 65.7669
0 4 99 48.5293
0 5 99 60.708
0 6 99 53.1733
0 7 99 57.1108
1 28 11 62.6096
28 1 11 62.6096
2 41 19 63.4978
41 2 19 63.4978
3 52 11 30.7118
52 3 11 30.7118
4 31 11 95.2866
31 4 11 95.2866
5 8 5 8.24155
8 5 5 8.24155
6 9 17 70.3431
9 6 17 70.3431
7 9 13 95.0706
9 7 13 95.0706
8 51 10 9.22306
51 8 10 9.22306
8 10 10 8.60646
10 8 10 8.60646
8 11 13 43.2592
11 8 13 43.2592
8 12 19 16.8304
12 8 19 16.8304
8 14 16 87.1512
14 8 16 87.1512
9 13 19 66.8526
13 9 19 66.8526
10 16 17 95.2132
16 10 17 95.2132
11 42 16 1.39174
42 11 16 1.39174
12 29 8 96.9358
29 12 8 96.9358
13 45 5 81.0835
45 13 5 81.0835
14 15 8 63.0192
15 14 8 63.0192
15 36 6 90.0267
36 15 6 90.0267
15 17 12 63.5326
17 15 12 63.5326
15 18 14 54.4711
18 15 14 54.4711
15 19 13 52.3576
19 15 13 52.3576
15 20 18 89.0543
20 15 18 89.0543
15 21 15 23.5703
21 15 15 23.5703
15 22 10 26.494
22 15 10 26.494
15 23 21 59.9197
23 15 21 59.9197
15 24 10 87.1412
24 15 10 87.1412
15 25 13 83.0576
25 15 13 83.0576
16 45 14 99.3011
45 16 14 99.3011
17 42 16 17.6772
42 17 16 17.6772
17 26 13 91.7279
26 17 13 91.7279
18 32 13 7.21534
32 18 13 7.21534
19 27 15 11.1995
27 19 15 11.1995
20 42 20 44.2766
42 20 20 44.2766
21 27 15 54.5789
27 21 15 54.5789
22 47 7 33.4332
47 22 7 33.4332
23 38 16 45.2678
38 23 16 45.2678
24 44 19 36.559
44 24 19 36.559
25 36 8 84.4591
36 25 8 84.4591
26 45 11 77.3522
45 26 11 77.3522
27 28 9 25.0946
28 27 9 25.0946
28 45 8 79.2045
45 28 8 79.2045
28 30 18 50.9341
30 28 18 50.9341
28 33 5 21.0714
33 28 5 21.0714
28 34 14 25.6417
34 28 14 25.6417
29 40 7 38.5016
40 29 7 38.5016
30 42 8 22.2963
42 30 8 22.2963
30 35 15 65.48
35 30 15 65.48
31 38 9 43.2322
38 31 9 43.2322
31 37 17 57.2419
37 31 17 57.2419
32 49 10 70.6156
49 32 10 70.6156
33 53 20 45.7143
53 33 20 45.7143
34 48 18 48.6642
48 34 18 48.6642
35 46 17 7.73971
46 35 17 7.73971
35 39 14 61.9151
39 35 14 61.9151
36 41 17 74.74
41 36 17 74.74
37 43 12 44.4485
43 37 12 44.4485
38 46 11 8.9762
46 38 11 8.9762
38 50 21 48.4718
50 38 21 48.4718
39 49 15 17.0591
49 39 15 17.0591
40 46 18 99.1723
46 40 18 99.1723
41 46 21 73.8694
46 41 21 73.8694
42 47 14 26.2428
47 42 14 26.2428
43 46 7 0.54152
46 43 7 0.54152
44 51 18 49.9876
51 44 18 49.9876
45 48 15 24.6684
48 45 15 24.6684
46 54 99 81.4155
54 46 99 81.4155
47 54 99 62.3829
54 47 99 62.3829
48 54 99 39.224
54 48 99 39.224
49 54 99 81.4731
54 49 99 81.4731
50 54 99 66.0837
54 50 99 66.0837
51 54 99 67.186
54 51 99 67.186
52 54 99 52.1272
54 52 99 52.1272
53 54 99 86.8785
CWIARTKI
1696 51 14 66 21 87 31 94 68 90 92 88 99 3 97 2 46 5 19
5589 -92 16 -20 24 -39 77 -100 57
5611 -42 -100 -20 -95 -5 -60 -12 -36 -40 -8 -47 -3 -95 -2 -95 -23 -90 -63 -85 -92 -60 -99
1046 51 -95 96 -76 88 -41 70 -25 22 -10 8 -7 5 -48