KONWERSJA
0.630879
PUNKTY
0 -17 0 brak
1 8 9 pole
2 -4 11 pole
3 -6 -3 pole
4 3 -7 pole
5 10 8 pole
6 16 4 browar 20.9448
7 16 2 brak
8 16 0 browar 22.6435
9 16 -2 browar 22.1768
10 16 -4 brak
11 20 6 brak
12 20 4 brak
13 20 2 browar 25.7288
14 20 0 browar 24.426
15 20 -2 browar 28.8765
16 20 -4 brak
17 20 -6 brak
18 24 7 browar 22.0316
19 24 5 brak
20 24 3 brak
21 24 1 brak
22 24 -1 brak
23 24 -3 browar 20.0125
24 24 -5 brak
25 24 -7 brak
26 28 6 browar 28.1759
27 28 4 brak
28 28 2 brak
29 28 0 browar 20.4125
30 28 -2 brak
31 28 -4 brak
32 28 -6 brak
33 32 5 karczma
34 32 3 karczma
35 32 1 karczma
36 32 -1 karczma
37 32 -3 karczma
38 32 -5 karczma
39 36 0 brak
DROGI
0 1 99 0
0 2 99 0
0 3 99 11.9099
0 4 99 53.8794
0 5 99 12.1183
1 6 11 10.982
1 7 17 37.2472
2 8 8 0
2 9 19 0
3 16 10 31.1736
3 10 18 53.9492
4 8 15 0
4 10 13 0
5 6 11 50.1626
6 22 15 0
6 13 15 0
7 16 5 0
7 14 11 0
8 11 19 0
8 15 13 3.0759
9 11 20 0
9 17 11 0
10 12 15 0
10 16 21 0
11 33 10 0
11 18 7 0
12 26 15 0
12 19 20 0
13 38 8 39.7448
13 24 19 30.6963
14 35 14 53.9495
14 21 11 0
15 23 8 0
15 25 21 0
16 30 15 0
17 20 17 0
18 34 14 0
18 27 15 69.383
19 30 18 0
19 31 13 0
20 26 9 46.2203
20 28 12 0
21 38 19 0
21 32 9 0
22 32 6 0
23 37 18 0
24 37 12 0
24 31 9 27.1881
25 33 11 0
25 29 11 0
26 36 16 0
26 38 13 0
27 34 17 0
28 37 13 45.478
28 38 10 36.0398
29 35 12 0
29 37 20 0
30 33 11 0
31 33 8 0
31 34 15 0
32 34 8 0
33 39 99 0
34 39 99 0
35 39 99 0
36 39 99 25.5261
37 39 99 20.5399
38 39 99 0
CWIARTKI
3338 4 1 6 1 9 1 12 5 10 12 9 12 1 11 1 9 1 4
101 -8 1 -7 1 -2 3 -2 6 -2 11 -7 12 -12 11 -11 8
2237 -12 -12 -5 -12 -6 -2 -11 -2
9641 1 -12 12 -11 10 -4 9 -3 2 -3 1 -6