KONWERSJA
0.1
PUNKTY
1 -11 9 pole
2 -9 9 pole
3 -8 -5 pole
4 -7 -7 pole
5 -5 -6 pole
6 -5 6 pole
7 4 11 pole
8 5 9 pole
9 6 -10 pole
10 7 -8 pole
11 11 5 pole
12 17 -5 brak
13 17 -3 brak
14 17 -1 browar 23.65
15 17 1 brak
16 17 3 brak
17 17 5 brak
18 21 -13 brak
19 21 -11 browar 26.98
20 21 -9 brak
21 21 -7 brak
22 21 -5 browar 27.6
23 21 -3 browar 30.88
24 21 -1 brak
25 21 1 brak
26 21 3 brak
27 21 5 brak
28 21 7 brak
29 21 9 browar 22.69
30 21 11 brak
31 21 13 brak
32 25 -12 browar 25.08
33 25 -10 browar 28.37
34 25 -8 browar 24.25
35 25 -6 browar 29.86
36 25 -4 brak
37 25 -2 brak
38 25 0 browar 24.39
39 25 2 brak
40 25 4 browar 26.22
41 25 6 brak
42 25 8 brak
43 25 10 brak
44 25 12 brak
45 29 -6 brak
46 29 -4 browar 28.74
47 29 -2 brak
48 29 0 brak
49 29 2 browar 24.39
50 29 4 brak
51 29 6 brak
52 33 -6 brak
53 33 -4 browar 22.61
54 33 -2 brak
55 33 0 brak
56 33 2 brak
57 33 4 brak
58 33 6 browar 22.36
59 37 -4 browar 21.6
60 37 -2 browar 30.32
61 37 0 browar 28.42
62 37 2 browar 26.37
63 37 4 browar 25.35
64 41 -11 brak
65 41 -9 brak
66 41 -7 brak
67 41 -5 brak
68 41 -3 brak
69 41 -1 brak
70 41 1 brak
71 41 3 brak
72 41 5 browar 28.21
73 41 7 browar 29.61
74 41 9 brak
75 41 11 brak
76 45 -12 karczma
77 45 -10 karczma
78 45 -8 karczma
79 45 -6 karczma
80 45 -4 karczma
81 45 -2 karczma
82 45 0 karczma
83 45 2 karczma
84 45 4 karczma
85 45 6 karczma
86 45 8 karczma
87 45 10 karczma
88 45 12 karczma
DROGI
1 12 6 0
1 29 21 0
2 18 20 0
3 17 13 59.49
4 17 15 0
5 49 19 45.26
6 13 18 0
6 15 14 16.28
7 13 21 0
7 14 13 18.24
8 70 12 0
9 12 11 0
9 16 5 0
10 15 7 0
10 87 16 56.6
11 15 16 66.73
11 33 10 34.98
12 27 14 0
12 75 8 47.7
13 20 10 0
13 22 11 0
14 19 20 38.13
14 28 5 0
14 29 17 0
15 21 12 0
15 30 14 0
15 57 19 34.78
16 23 17 34.74
16 24 16 0
16 34 6 0
17 25 18 0
17 26 6 0
17 31 9 0
18 39 7 0
19 78 17 68.18
20 36 21 0
20 67 6 0
21 71 7 43.36
22 38 5 63.73
22 51 11 0
23 34 10 0
24 74 12 0
25 32 13 0
25 79 9 0
26 35 9 0
26 40 9 0
27 42 13 1.34
27 44 5 0
28 36 20 0
28 38 19 0
29 33 20 0
29 41 9 0
30 37 16 0
30 85 13 0
31 42 10 0
31 43 9 0
32 48 16 23.43
32 83 15 0
33 46 12 8.64
34 81 9 0
35 49 9 0
35 50 15 0
36 51 21 0
37 48 12 11.78
38 66 17 0
39 47 21 0
40 48 11 0
41 84 9 0
42 64 20 57.99
43 69 10 0
44 45 19 0
44 77 18 0
45 72 12 0
46 54 12 0
47 53 7 4.36
47 58 11 0
48 52 18 0
49 58 19 40.25
50 56 14 0
50 58 20 32.32
51 55 9 17.23
51 81 5 0
52 59 17 0
53 62 18 0
54 61 14 0
55 63 11 0
56 86 10 0
57 60 8 0
58 61 13 2.56
59 81 16 0
60 65 5 0
61 68 19 0
61 79 10 0
62 64 15 0
62 69 9 0
63 73 20 0
63 82 11 0
64 84 12 54.24
65 88 19 14.1
66 76 17 0
66 83 9 33.52
67 80 14 0
68 83 16 0
68 87 12 0
69 78 19 0
69 85 9 52.02
70 82 15 41.45
71 79 18 0
71 86 14 0
72 83 13 0
73 76 16 0
73 85 16 0
74 78 11 68.3
74 83 7 0
75 81 19 0
CWIARTKI
601 3 1 4 1 8 1 9 1 13 5 13 6 13 7 8 13 7 13 1 11 1 7 2 3
243 -1 4 -1 12 -4 13 -13 8
1203 -11 -13 -10 -13 -2 -11 -5 -1 -8 -4 -13 -9
6810 5 -12 6 -12 13 -11 9 -2 6 -2 5 -6
