KONWERSJA
0.759972
PUNKTY
0 -16 0 brak
1 8 5 pole
2 15 3 brak
3 15 1 brak
4 15 -1 browar 21.2651
5 15 -3 browar 28.7594
6 19 1 brak
7 19 -1 brak
8 23 0 karczma
9 27 0 brak
DROGI
0 1 99 47.1382
1 3 9 6.78262
1 2 5 0
1 4 16 0
1 5 11 0
2 7 20 0
3 6 6 0
3 7 6 0
4 6 17 0
5 6 10 25.2229
6 8 19 0
7 8 18 5.08683
8 9 99 0
CWIARTKI
6925 11 1 11 2 10 8 5 10 2 9 1 7 4 2
4074 -9 1 -7 1 -1 2 -2 5 -6 11 -7 11 -10 9 -11 2
2093 -8 -11 -4 -11 -1 -11 -2 -2 -5 -1 -9 -2 -11 -6 -10 -9
2687 3 -11 9 -11 10 -11 11 -10 10 -7 7 -2 2 -1 2 -3 2 -5